progrom 2 1
Hello 2 1
HELLO 2 1
HELLO 2 1
; 6 1
const 1 2
a 2 2
:= 16 2
1 1 2
, 5 2
b 2 2
:= 16 2
2 1 2
c 2 2
:= 16 2
3 1 2
; 6 2
var 3 3
d 2 3
e 2 3
f 2 3
g 2 3
procedure 4 4
get 2 4
sad 2 4
sa 2 4
, 5 4
a 2 4
) 29 4
; 6 4
g 2 5
:= 16 5
1 1 5
end 8 6
begin 7 7
d 2 8
:= 16 8
3 1 8
e 2 9
= 17 9
5 1 9
; 6 9
f 2 10
:= 16 10
6 1 10
; 6 10
read 14 11
( 28 11
x 2 11
+ 19 11
y 2 11
) 29 11
; 6 11
while 11 12
m 2 12
> 23 12
n 2 12
n 2 13
:= 16 13
m 2 13
+ 19 13
1 1 13
if 9 14
a 2 14
) 29 14
b 2 14
then 10 14
then 10 14
e 2 15
= 17 15
7 1 15
else 2 16
f 2 17
:= 16 17
8 1 17
